((("syslog" .
   [0 0 0 0 0 1])
  ("import" .
   [1 0 0 0 0 0])
  ("fractions" .
   [1 0 0 1 0 0 0 0 0])
  ("as" .
   [1 0])
  ("answer" .
   [6 1 0 0 0 0])
  ("from" .
   [1 0 0 0])
  ("Fraction" .
   [7 0 0 0 0 1 0 0])
  ("print" .
   [11 0 0 0 0])
  ("def" .
   [3 0 0])
  ("Fraction_Matrix" .
   [1 0 0 0 0 0 0 0 0 2 0 0 0 0 1])
  ("perm" .
   [6 0 0 0])
  ("append" .
   [5 0 0 0 0 0])
  ("id" .
   [14 0])
  ("idx_perm" .
   [5 0 0 0 0 0 0 0])
  ("M" .
   [3])
  ("for" .
   [5 0 3])
  ("in" .
   [5 0])
  ("range" .
   [3 0 0 0 0])
  ("else" .
   [1 0 0 0])
  ("len" .
   [10 0 0])
  ("matrix" .
   [6 0 0 0 0 0])
  ("idx_absor" .
   [0 0 0 1 0 0 0 0 1])
  ("M.append" .
   [1 0 0 0 0 0 0 0])
  ("set" .
   [2 0 0])
  ("is" .
   [1 0])
  ("row" .
   [8 0 0])
  ("enumerate" .
   [0 0 0 1 0 0 0 0 0])
  ("sum" .
   [2 0 0])
  ("if" .
   [3 0])
  ("insert" .
   [1 0 0 0 0 0])
  ("+=" .
   [1 0])
  ("absorbing_states" .
   [0 0 0 0 0 1 0 0 0 0 0 0 0 0 0 0])
  ("idx" .
   [1 0 0])
  ("return" .
   [2 0 0 0 0 0])
  ("MemoryError" .
   [0 1 0 0 0 0 0 0 0 0 0])
  ("idMatx" .
   [0 0 0 1 0 0])
  ("size" .
   [1 0 0 0])
  ("try" .
   [1 0 0])
  ("a" .
   [6])
  ("==" .
   [1 0])
  ("or" .
   [1 0])
  ("raise" .
   [1 0 0 0 0])
  ("col" .
   [4 0 0])
  ("result" .
   [2 0 0 0 0 0])
  ("b" .
   [2])
  ("swap_columsn" .
   [0 0 0 0 1 1 0 0 0 0 0 0])
  ("swap_columns" .
   [2 0 0 0 0 0 1 0 0 0 0 0])))
